6 0.176432 0.520703 0.014323 0.046094
6 0.144271 0.574219 0.018229 0.039062
2 0.507552 0.874609 0.007813 0.036719
2 0.510026 0.844531 0.009635 0.040625
2 0.515104 0.811719 0.007813 0.037500
2 0.517318 0.771094 0.007031 0.037500
2 0.523698 0.717578 0.007813 0.039844
2 0.539583 0.528906 0.006771 0.034375
2 0.542188 0.498438 0.005729 0.025000
2 0.545313 0.464063 0.006771 0.037500
2 0.549479 0.430859 0.006771 0.035156
2 0.558203 0.453516 0.008594 0.033594
2 0.561198 0.401172 0.006250 0.033594
2 0.570703 0.319531 0.007031 0.031250
2 0.559115 0.315625 0.006250 0.032813
7 0.863411 0.495313 0.186198 0.250000
7 0.718229 0.533984 0.102604 0.314844
7 0.693490 0.791406 0.053125 0.310938
7 0.977214 0.336328 0.045573 0.441406
