0 0.145573 0.435547 0.012500 0.047656
0 0.195964 0.426563 0.012760 0.043750
2 0.507552 0.874609 0.007813 0.036719
2 0.510026 0.844531 0.009635 0.040625
2 0.515104 0.811719 0.007813 0.037500
2 0.517318 0.771094 0.007031 0.037500
2 0.523698 0.717578 0.007813 0.039844
2 0.539583 0.528906 0.006771 0.034375
2 0.542188 0.498438 0.005729 0.025000
2 0.545313 0.464063 0.006771 0.037500
2 0.549479 0.430859 0.006771 0.035156
2 0.558203 0.453516 0.008594 0.033594
2 0.561198 0.401172 0.006250 0.033594
2 0.570703 0.319531 0.007031 0.031250
2 0.559115 0.315625 0.006250 0.032813
7 0.794141 0.469922 0.022135 0.063281
7 0.820443 0.498828 0.028906 0.074219
7 0.835677 0.585156 0.017708 0.098438
7 0.848177 0.701172 0.028646 0.133594
