6 0.029297 0.480859 0.011719 0.033594
6 0.051823 0.447656 0.011458 0.039062
6 0.074219 0.446094 0.013021 0.032813
6 0.166016 0.405859 0.011198 0.028906
6 0.205599 0.398047 0.013281 0.032031
6 0.241797 0.386719 0.011719 0.034375
6 0.281380 0.369531 0.012240 0.034375
6 0.318359 0.366406 0.011719 0.034375
2 0.497396 0.054297 0.011979 0.053906
7 0.840365 0.147266 0.034896 0.236719
7 0.943490 0.258594 0.016146 0.182813
7 0.954818 0.626953 0.022135 0.164844
7 0.917188 0.492969 0.054687 0.209375
7 0.875521 0.362891 0.044271 0.150781
7 0.920833 0.344922 0.045313 0.083594
7 0.973828 0.819531 0.013802 0.075000
