6 0.134896 0.713672 0.008854 0.042969
0 0.173698 0.424609 0.008854 0.035156
2 0.507552 0.874609 0.007813 0.036719
2 0.510026 0.844531 0.009635 0.040625
2 0.515104 0.811719 0.007813 0.037500
2 0.517318 0.771094 0.007031 0.037500
2 0.523698 0.717578 0.007813 0.039844
2 0.539583 0.528906 0.006771 0.034375
2 0.542188 0.498438 0.005729 0.025000
2 0.545313 0.464063 0.006771 0.037500
2 0.549479 0.430859 0.006771 0.035156
2 0.558203 0.453516 0.008594 0.033594
2 0.561198 0.401172 0.006250 0.033594
2 0.570703 0.319531 0.007031 0.031250
2 0.559115 0.315625 0.006250 0.032813
7 0.840365 0.147266 0.034896 0.236719
7 0.943490 0.258594 0.016146 0.182813
7 0.954818 0.626953 0.022135 0.164844
7 0.917188 0.492969 0.054687 0.209375
7 0.875521 0.362891 0.044271 0.150781
7 0.920833 0.344922 0.045313 0.083594
7 0.973828 0.819531 0.013802 0.075000
